   1.0   1.22  14.04  16.66   1.70   2.39  21.94   1.90   5.60   4.54   1.68   2.74   1.83   3.17  14.51   3.86   2.20
   2.0   2.61  27.85  28.43   1.14   0.23   6.77   0.24   1.80   1.67   1.11   2.30   4.96   3.95   7.55   7.50   1.89
   3.0   3.43  22.33   8.69   0.91   0.32  15.55   0.35   1.73   2.83   0.25   0.46   0.81   0.93  11.24  26.69   3.48
   4.0   3.85   5.06   4.74   0.71   1.98  18.26   1.17   5.13  10.76   0.57   2.57   7.18  10.58  19.38   5.75   2.32
   6.0   2.98   4.99   3.90   0.38   0.79  19.47   0.53   6.22  24.75   1.21   2.87   5.19   3.44   8.67  13.26   1.36
   5.0   3.54   5.32   3.97   1.09   0.46   9.60   0.71   9.20  34.25   1.49   3.01   6.94   1.59   9.61   7.60   1.63
   7.0   2.09   7.91   4.24   1.91   1.00  27.10   0.58   1.28   3.12   0.50   1.67   5.55  27.25  11.89   0.77   3.16
   8.0   4.52   5.90   3.95   0.79   3.42  12.32   2.10  16.45  20.24   2.66   0.80   0.62   4.42   7.99   5.61   8.20
   9.0   4.33   4.31   3.55   1.32   3.75  16.11   1.85   6.81  11.67   1.47   0.99   1.58   3.02  21.36  14.99   2.90
  10.0   2.18  19.39  10.00   1.33   1.90   9.56   1.59   4.51   8.88   2.38   2.14   7.36   8.70   9.81   2.03   8.24
  11.0   2.03  15.85   8.33   0.59   0.26   9.82   0.11  30.21  18.38   3.46   0.86   2.15   1.78   3.01   0.54   2.62
  12.0   6.18   8.19   6.58   1.65   0.23  33.39   0.28   2.84   2.75   0.67   1.13   0.52   2.77  18.07  12.84   1.92
  13.0   3.85  14.55  21.07   1.31   0.67  10.99   0.66   2.95   1.04   0.45   1.12   1.07   5.07  11.65  21.65   1.90
  14.0   6.44  18.27  15.23   3.43   1.52  14.77   1.61  15.09   5.28   1.92   1.63   0.40   0.66   6.84   3.05   3.85
  15.0   5.44   8.56   9.58   2.11   1.12  28.33   0.75  12.30   5.83   1.96   1.81   2.24   5.09   5.46   6.89   2.52
  16.0   6.14   3.57   3.42   4.05   0.99  37.84   0.81   2.28   3.86   0.24   3.41   6.55   3.22   8.71  10.31   4.61
  17.0   6.85   3.19   1.82   2.64   8.55  29.85   2.50   4.22  11.69   4.67   2.01   5.08   1.28   4.92   4.70   6.04
  18.0  10.65   4.94   5.83   0.70   0.42  29.06   0.50   5.36   3.77   1.74   6.05   4.74   1.07   7.58   3.66  13.92
  19.0   3.05   1.31   2.18   5.79   0.77  20.65   0.95  13.06   6.10   0.98   3.86   6.56   6.30  11.43  13.42   3.58
  20.0   7.45   4.30   7.14  11.35   3.73   8.60   3.02  10.70  10.17   1.55   1.12   8.04   2.35   6.70  10.01   3.78
  21.0  12.05   1.07   4.11   1.20   1.23  28.06   1.21   5.03   6.79   3.41   3.21   4.32   3.75  11.94   3.28   9.34
  22.0   1.83   2.68   3.79   1.54   0.18  61.14   0.12   7.08   5.95   0.93   1.56   2.70   0.40   5.92   2.24   1.95
  23.0   6.38   3.33   2.00   0.69   1.73  22.44   1.11  16.76   5.73   1.08   4.64   6.47   4.16  13.62   5.78   4.08
  24.0  17.25   4.11   6.48   1.55   0.50  12.16   1.03  13.48  12.39   2.50   5.16   2.10   1.10   8.89   9.43   1.87
  25.0   6.21   3.77   5.01   4.99   1.41  14.68   0.44   2.01   5.22   1.31   4.95  19.21   3.63  17.19   5.55   4.41
  26.0   8.47   6.25   6.69   5.31   0.29  14.06   1.07   4.41  15.00   3.69  11.18   5.70   4.73   5.98   3.62   3.54
  27.0   6.70   1.92   1.78   1.61   2.64  10.23   1.61   2.26  15.15   0.10  13.59   8.31   3.57  17.43   3.30   9.78
  29.0   9.94   3.01   4.80   3.03   0.39   4.56   0.18   6.52  18.48   0.65   1.65   3.90   5.75  10.22   1.57  25.34
  30.0  19.07   3.00   4.84   1.01   1.28  20.63   1.32   6.44   9.94   2.01   3.25   2.28   1.13  11.55   4.42   7.83
  28.0   4.79   4.12   8.94   9.39   0.27  20.98   0.55  14.96   9.80   1.11   4.48   3.15   1.16   3.15   7.56   5.57
  31.0   7.64   5.67   5.02   1.82   1.17  19.45   0.80   8.01  19.20   3.37   2.81   2.67   1.60   2.10  11.11   7.57
  32.0  16.67  12.59   5.76   7.23   1.52  17.85   1.55   3.48   8.16   2.00   2.47   1.53   2.01   3.45   5.17   8.58
  33.0   3.31   1.55   3.34   3.96   3.73  17.55   1.16  13.73   7.58   4.27   2.86   5.05   6.35  12.87   7.07   5.62
  34.0   4.88   1.69   3.55   2.25   1.76  24.33   0.98   7.33  16.37   3.94   5.31  12.08   3.14   6.67   1.22   4.51
  35.0   4.33   3.30   3.92   4.52   0.59  36.10   0.54  13.03  10.95   1.65   1.30   5.85   1.77   2.95   4.58   4.63
  37.0   4.99  23.08  28.27   0.52   0.22  13.18   0.28   7.97   2.98   0.52   0.39   0.76   1.57   3.30   9.75   2.19
  36.0   8.48  14.53   7.07   3.15   1.30  28.07   0.55   2.49   2.75   1.70   3.56   1.92   1.18   5.70  12.33   5.23
  38.0  13.66   1.97   0.56   1.75   2.14  42.80   1.46   1.12   8.12   1.09   3.74   7.43   4.35   5.42   2.53   1.89
  39.0   7.66   4.37   6.75   2.07   0.94   7.86   0.59  13.04   4.20   1.66   4.41   7.68   6.13   9.07  18.66   4.93
  40.0   6.89   4.09   1.93   1.45   3.01  37.53   1.18   7.21   2.71   1.55   3.13   6.38   2.80  11.55   2.98   5.61
  41.0   1.92   5.36  11.28   8.03   3.81  12.65   0.96   5.28   6.72   0.78   3.07  10.85   6.70   8.69   5.95   7.96
  42.0   5.85   1.90   7.75   3.35   1.47  17.85   0.66  22.27  11.38   0.82   6.02  10.19   2.61   1.72   4.60   1.55
  43.0  13.97   1.36   2.33   3.38   1.39  22.39   0.33   6.25   6.19   4.50   2.12   3.63   0.80   1.28   3.19  26.88
  46.0   8.19   0.71   1.89   0.96   1.22  13.25   0.59   5.14  19.69   4.59   4.82   4.85   6.54   7.23   8.29  12.05
  44.0   9.54   2.99   2.09   1.14   0.46  26.72   0.48   9.59   2.15   2.15   3.65   5.44   8.68   8.05   2.60  14.29
  45.0   5.94   3.32   2.24   5.93   7.89  10.72   1.52   2.10   3.17   1.39   0.96   0.47  16.75  14.00  11.99  11.62
  48.0   2.58  11.81   5.51   3.69   1.82  13.83   0.59   5.96  18.67   4.23   0.82   2.21   2.76   6.12  13.93   5.48
  47.0   4.13   6.38   2.89   1.11   4.58  22.96   1.15   1.58   5.97   2.95   5.14   5.64   9.13   7.65  10.42   8.31
  49.0  15.83   8.17   3.34   4.26   4.53  23.96   2.33   7.66   5.34   1.68   2.71   1.88   0.69   5.62   9.31   2.71
  50.0  17.29  11.28   5.06   1.92   3.25  14.36   1.10  11.57   6.73   1.21   1.13   6.50   3.16   4.36   5.77   5.31
  51.0  12.54   5.83   5.70   1.41   1.81  21.29   2.20   8.98  16.04   3.58   0.90   2.18   0.65   5.13   2.75   9.02
  53.0  11.21   9.32   3.74   1.93   1.33  16.50   1.69   2.85   1.02   3.27   4.00   3.70   5.08   4.87  17.33  12.17
  55.0   8.20  13.49  12.10   0.57   2.30  16.56   1.12   2.28   2.95   3.36   6.15   4.17   3.96   6.28   4.47  12.02
  52.0   3.27   7.12   7.90   7.78   3.66  27.27   2.75   8.48   9.09   8.19   2.54   2.38   2.15   0.95   1.70   4.77
  54.0  13.79  19.87   7.06   4.03   4.97   8.04   0.97   6.86   3.49   1.48   2.42   1.49   2.69   3.05  14.12   5.67
  57.0   3.99   6.77   4.46   3.34   1.82  20.90   1.46   3.02   5.81   1.59   1.18   4.84  10.59  15.74   9.51   4.99
  58.0   4.38   5.97  13.61   5.18   3.51  18.16   2.85  13.93   5.02   2.59   2.58   3.55   1.97   3.89   4.86   7.94
  56.0  20.29   1.69   1.37   1.14   1.56  27.95   2.46   4.22   3.06   1.86   4.97   6.56   1.52   4.30   8.01   9.05
  65.0   2.75   1.23   1.90   0.49   1.06   7.60   0.32   1.13   2.12   0.77   4.64   4.80   2.95  49.51  16.08   2.65
  59.0   7.45   2.60  16.30   6.18   3.73  30.00   1.27   6.27   2.65   1.15   0.80   0.72   1.86   6.85   3.54   8.63
  62.0   3.31   2.17   4.33   1.11   2.30  31.84   1.46  13.38  15.35  16.39   0.83   0.48   0.61   1.58   0.79   4.06
  60.0   4.33   0.96   1.16   2.13   5.53  36.19   0.83   4.59   5.22  10.26   5.56   3.11   4.87   3.94   4.61   6.72
  61.0   9.18  14.76  14.29   6.82   3.83  11.41   3.69   8.13   3.63   2.17   2.88   0.92   6.15   4.08   4.04   4.02
  64.0  16.93   0.95   2.66   0.40   0.82  15.97   1.14   1.52   4.45   1.71   9.51   5.06   5.00   8.50  11.16  14.22
  63.0   2.52   2.50   2.06   2.29   4.03  34.74   3.42   6.44   4.82   1.46   5.10   5.93  10.96   5.16   5.75   2.81
  66.0  11.06   1.44   0.63   1.91   0.55  27.81   2.35   5.53   4.30   2.74   7.90   9.78   2.44   8.04   7.31   6.22
  67.0   7.11   3.46   5.01   5.33   4.42  10.81   3.45   4.22   7.27   3.49  13.94   4.08   1.88   7.07   7.37  11.09
  68.0   6.33   1.77   2.40   1.32   1.54  18.29   0.90   3.83   3.96   1.44  15.95  10.61   6.61   8.36   4.99  11.72
  72.0  12.82   5.68   3.67   0.89   1.06  13.79   0.70   1.52   3.04   4.27   2.61   0.50   4.36  39.04   1.39   4.66
  69.0   3.73   2.63   6.15   3.22   1.88  10.39   1.19   2.63   1.51   0.99  11.09  10.18   5.43  23.62  13.29   2.08
  71.0   9.77  10.34  16.57   7.69   1.81  17.66   4.50   2.04   5.96   2.54   4.06   1.11   1.30   2.11   6.40   6.13
  70.0   7.70   0.98   1.02   9.16   8.50   8.77   0.93   6.71   7.10  13.58   6.55   3.19   2.88   5.68   4.76  12.48
  75.0  17.99   3.63   8.44  11.96   1.91   6.16   1.78   7.85   6.50   9.46   4.49   1.24   1.12   5.44   3.11   8.93
  74.0   3.47   5.35   2.62   1.10   1.51  24.42   1.56   2.70  14.78   6.35   8.46   2.95   2.27  18.07   1.10   3.30
  77.0  10.95   3.98   2.53   2.57   5.87  36.22   2.34   3.75   5.33   4.38   3.42   1.96   1.35   3.18   1.88  10.29
  81.0   8.32   8.71  16.74  10.57   5.34  12.36   1.76   5.64   2.25   4.51   3.73   1.61   0.65   3.70   3.49  10.62
  76.0  14.30   8.91   6.84   8.71   1.99  10.02   2.66   4.80  12.41  10.09   5.67   1.01   1.14   2.99   3.61   4.84
  73.0  10.11   6.29   3.94   0.97   2.27  26.53   3.15   1.15  15.53   3.57   5.13   1.25   2.67   3.61   7.86   5.97
  80.0  12.85  10.98  18.31   7.23   0.78  11.11   0.91   1.30   2.96   1.21   5.56   1.21   0.64   1.67   8.95  14.35
  87.0   7.21   1.27   3.14   4.29   2.07  10.58   1.54   2.83   3.22   2.10   5.33   5.78   4.49  29.14   6.31  10.69
  83.0  10.44   2.99   3.32   0.56   0.77   9.36   1.34  15.89  10.29   3.20   4.73   1.05   2.25  12.53   9.38  11.90
  88.0  13.55  13.08  10.49   2.52   0.94   5.12   0.90   1.95   4.63   1.73   5.43   0.80   1.87  16.56  10.63   9.78
  79.0  18.89   9.04   9.71   1.20   0.23  10.11   2.17   2.90   3.76   6.09   5.08   2.33   1.40   2.27   9.88  14.92
  78.0  10.76   1.80   4.23   5.32   5.95  21.67   2.98   6.09   7.86   9.49   3.88   3.27   1.37   1.83   4.80   8.70
  82.0  10.05   3.47   7.06   6.38   2.65  19.14   5.02   4.76   2.28   8.56  11.08   2.97   4.26   1.80   5.69   4.81
  86.0   6.94   3.98   6.96   1.85   1.37   5.60   1.89   1.52   3.01   4.58   4.92   7.79   6.08  18.92   6.52  18.08
  85.0  13.04   7.56   4.96   1.39   1.96  39.34   0.42   3.42   1.50   1.62   5.14   0.72   5.19   3.96   2.63   7.15
  94.0   5.91   5.39   3.12   0.53   1.20   8.64   0.51   8.83   6.61   5.62   9.64   4.77  22.86   8.99   5.21   2.18
  92.0  11.93   1.36   1.75   1.34   2.76  34.66   2.18   9.69   2.77   5.36   3.46   4.74   1.53   2.30   8.76   5.41
  84.0   7.65  11.54  17.19   2.11   2.34  28.41   2.44   5.50   2.08   2.41   4.00   1.96   0.47   1.76   3.94   6.19
  93.0   8.69   6.35   7.21   3.37   2.49  28.25   1.09   3.26   3.79   6.02   3.18   2.16   4.57   4.86   7.48   7.21
  98.0  16.03   3.67   1.26   2.19   1.50  12.43   0.54   2.34   3.15   2.11   1.47   3.50   9.37  22.41  14.82   3.19
  91.0   5.12   5.14   6.23   1.15   6.59  21.17   6.81  15.02   6.25   5.28   3.18   1.27   0.96   3.36   2.97   9.51
 100.0  18.12   3.82   2.58   1.59   2.08   7.18   0.51   0.18   1.31   1.04  11.13   2.04   8.45   6.67  20.23  13.07
  90.0  11.40   3.05   4.91   1.13   3.15   9.26   3.29  23.25  10.56   3.17  11.91   2.60   1.75   2.00   4.45   4.11
  99.0   6.77   2.26   3.76   3.59   1.05   3.91   0.79   3.07   3.72   6.63   2.65   0.56   5.10  23.40  21.00  11.76
  89.0  10.63  14.77  12.97   4.91   0.99  25.39   1.83   6.96   4.17   2.84   2.17   1.83   0.29   2.06   4.82   3.37
  95.0   7.07   9.86   8.72   5.40   2.16  12.06   5.26   8.33   3.70  11.49   8.70   6.56   2.17   2.58   2.17   3.76
 101.0   8.34   1.16   0.61   1.16   0.92  38.58   4.20   1.14   3.29   1.74  14.64   4.00   2.19   6.91   3.87   7.24
 105.0  10.48   5.85   3.88   6.94   7.12  17.08  10.84   9.14   3.60   3.84   3.13   1.53   3.36   4.99   4.93   3.30
 111.0   6.84   1.59   0.43   1.70   5.23  16.85   3.82   3.60  10.26  11.34   5.82   6.69   3.67   7.36   5.31   9.49
 104.0   1.39   1.36   2.09   7.66   9.31  19.28   2.19  13.74  21.10  10.01   3.92   1.72   0.71   2.27   0.48   2.78
  96.0   8.69  24.12  18.77   2.50   0.24   4.27   0.32   2.13   6.03   5.95   5.12   1.88   5.88   3.94   5.47   4.70
 107.0   2.14  12.55  12.52   4.81   2.38  12.16   0.40   1.75   1.90   1.44   2.37   1.23   5.88  24.24  10.44   3.79
 106.0  22.86   5.49   2.72   1.68   0.54   9.31   3.68   6.03   6.69   2.36   7.63   1.56   1.74   2.21  17.05   8.43
 108.0   4.43  15.75  14.97   3.15   4.81   7.28   1.74   4.16  14.71   2.40   1.83   1.33   2.31  11.45   3.98   5.70
  97.0   3.92   1.72   1.25   5.53   3.19  19.57   2.25  11.71  12.61   9.39   4.94   1.59   5.85   7.53   3.26   5.69
 112.0   7.60   5.08   4.03   0.60   4.19   5.70   2.81   8.06   3.14   3.11  21.70   2.74   1.78   4.30   7.00  18.15
 117.0   5.32   4.25   6.54   3.19   5.07  10.42   5.01  25.86   2.80   5.32   3.63   0.62   0.34   1.54  15.22   4.87
 109.0   4.38   1.52   4.35  12.03   2.65   8.30   2.71   5.83  24.56   3.91   8.96   2.44   1.62   6.22   4.27   6.23
 102.0   4.49   5.16   2.74   0.86   2.24  22.76   8.91   2.56   7.07   3.20   6.23  12.69   3.49   5.36   7.25   4.99
 130.0   5.90   5.33   0.93   1.33   4.86  13.16  11.95   2.43   1.21   1.96  10.58   3.85   8.60   9.49   2.27  16.14
 116.0  14.83   5.27   8.18   0.44   2.70  12.32   2.55   3.70   2.42   0.74   6.83   4.44   1.57   3.18  25.20   5.66
 110.0   6.21   1.04   0.31   0.36   3.53  46.12   3.10   0.59   5.84   2.20   4.63   3.94   0.61   2.18   6.35  12.99
 103.0  18.16   6.55   3.36   2.55   3.68   8.68   2.48   7.48  14.04   2.77   8.68   2.35   3.72   2.44   3.64   9.43
 124.0   6.30   5.61   5.93   2.34   2.98  39.23   7.08  11.09   4.30   2.33   2.78   0.61   1.60   1.32   5.13   1.38
 126.0   3.64   1.69   2.86   1.09   2.85  23.16   3.17   7.89   7.44   4.82  18.39   9.56   0.66   1.11   0.62  11.05
 114.0   3.77   3.91   3.08   0.39   3.82  30.41   3.87   5.49   2.74   6.74  11.72   7.96   2.15   5.51   5.02   3.43
 115.0   3.31   1.92   2.59   0.85   1.28  57.07   3.81   2.87   1.72   1.79   3.48   3.20   2.51   2.66   7.02   3.92
 147.0   7.64   3.78   1.16   2.19   7.86  11.44   1.86   5.21   2.90   3.19  27.03   8.10   3.37   4.84   0.91   8.52
 129.0   1.13   3.21   1.80   1.19   5.52  21.96   8.85   1.76   3.19   2.24  10.33   8.98  13.16  12.45   1.57   2.68
 143.0   2.70   0.31   1.47   3.01   3.63   7.30   2.51   3.89   2.90   1.97   0.92   1.68   3.96  54.43   4.50   4.82
 139.0   7.68   3.81   4.18   0.81   1.83   6.01   4.35   7.49   4.49   6.65  11.25   9.70   8.11   5.66   1.55  16.43
 163.0   4.45  16.61  21.95   3.11   2.20   5.15   2.47   1.82   4.53  12.97   6.38   0.52   1.31   7.24   6.72   2.56
 133.0  11.75   6.20   1.74   0.65   3.62  24.34   8.31   4.47   8.25   8.55   8.03   0.84   1.57   1.82   3.87   5.99
 128.0   1.13   3.88   2.47   1.83  10.50  23.64   1.08   3.02   1.19   7.27  16.54   8.08   3.24  10.20   3.32   2.61
 127.0   3.13   9.99   9.92   1.50   1.87  12.94   3.96   1.75   7.91   3.46   9.87  11.84   2.03   4.04  10.68   5.10
 118.0   5.20  14.93  17.70   0.76   0.68  19.77   4.47   7.80   5.62   4.99   1.87   0.91   1.15   2.86   4.43   6.87
 123.0   6.90   2.72   4.30   3.38   7.87   3.94   1.33   5.82   1.43   9.11  21.25   6.32   2.06   6.13  14.01   3.42
 192.0   1.77   0.60   0.30   1.82   3.22   5.56   1.56   1.28   0.88   0.88   2.50   4.53   4.40  65.76   2.12   2.82
 113.0   2.91   1.35   2.37   2.18   2.57  34.18   2.00   7.06   6.83   4.20   2.89   5.17   2.30   8.71   9.57   5.70
 125.0   6.10   3.74   3.87   3.25   5.79   7.97   2.12   8.38  10.19   5.26   6.18   1.57   1.33   8.79  22.20   3.25
 119.0   2.18   3.11   6.68   2.02   4.04  48.94   2.34   4.32  11.73   3.68   2.65   2.02   0.21   1.74   3.60   0.74
