   1.0   1.81   9.11   8.70   0.36   1.00  63.10   1.20   1.07   0.82   0.64   2.04   1.73   1.30   2.97   2.58   1.56
   3.0   4.19   0.65   0.79   1.00   2.11  52.51   1.78   7.04  13.14   2.05   2.95   2.48   1.42   1.00   3.71   3.17
   2.0   3.07  28.68  27.44   1.52   0.38  17.17   0.52   3.77   1.31   1.44   1.22   1.52   0.89   3.85   5.17   2.04
   4.0   4.06   1.87   4.94   1.26   0.84  60.20   1.11   7.97   3.16   2.19   2.18   1.57   1.81   1.54   2.43   2.88
   5.0   1.65  22.03  15.82   0.41   0.95  33.83   0.44   4.54   6.68   0.93   1.99   2.23   2.31   3.37   0.78   2.04
   6.0   0.99  13.02   4.11   0.06   0.05  44.78   0.51   0.56   0.70   0.75   4.94   7.29   3.92   9.24   7.01   2.08
   7.0   0.91   8.84   5.23   0.79   1.36  39.20   1.20   4.01   8.10   2.13   0.24   0.50   2.19   7.52  17.32   0.47
   8.0   2.25   0.59   0.63   0.71   1.15  18.93   0.89   1.74   1.69   0.33   7.00  12.62  30.66  10.62   6.42   3.77
   9.0   4.85   2.53   4.88   0.54   0.68  43.09   1.37   4.77   2.57   1.25   2.85   3.31   7.78   5.12  10.49   3.91
  10.0   3.63   9.01   4.70   3.56   0.80  10.91   0.85  15.92   4.37   0.12   1.37   3.97   8.69  15.92  14.11   2.08
  11.0   3.55  13.89  27.82   0.89   0.79   6.83   0.54   4.42   0.73   0.21   5.07   9.45   4.86  12.16   6.59   2.18
  12.0  11.21   4.76   9.73   3.41   4.18  18.35   2.25   5.85   9.28   2.62   2.18   1.22   2.45   9.92   8.33   4.26
  14.0  14.43   9.83   5.37   1.62   0.47  21.39   0.58   3.59  17.57   2.10   1.34   1.88   6.76   2.28   4.47   6.31
  13.0   1.47   1.79   4.24   0.93   2.00  26.34   0.96  13.35   7.60   2.08   3.07   3.78  10.29   5.77  14.17   2.15
  15.0   3.03   0.62   1.04   1.23   1.03  49.49   0.27   7.51   7.72   0.85   1.34   2.12   6.11   7.34   7.86   2.44
  16.0   1.36   1.42   3.92   0.50   0.11  17.01   0.15  17.42   9.47   0.97   0.60   7.09   2.90  18.56  15.39   3.14
  17.0   3.90   1.59   4.10   0.91   0.95  29.23   0.71   3.43   4.98   1.91   1.26   3.41  17.85  11.55  11.83   2.39
  18.0   3.58   9.17   7.32   0.57   1.42  24.65   0.65   3.29   3.62   0.81  10.45  10.05   2.72   7.62  11.87   2.20
  19.0   7.99   4.44   7.69   1.71   1.21  22.81   1.51   3.44  11.97   6.26   0.48   0.30   5.60   9.73   9.93   4.95
  20.0   5.74  14.65  11.26   1.12   0.57  15.51   0.48  10.73   8.58   1.50   4.18   7.34   1.33   4.91   1.68  10.40
  21.0   5.56   4.44   4.01   1.23   1.12  11.36   1.27  13.04  16.82   3.54   6.53   9.33   1.34  10.80   5.54   4.08
  23.0   2.30  12.15   7.25   4.57   1.04  35.42   0.91  10.38  13.96   0.98   1.09   4.08   0.92   1.72   2.00   1.23
  22.0   1.43  13.94  10.75   1.76   1.37  10.47   1.12   2.32   4.65   2.49   5.37   9.45   6.92  15.45   9.95   2.55
  24.0   0.84   0.43   0.96   1.65   4.11  33.50   3.52   5.69  23.44   8.66   5.65   3.35   1.73   1.51   2.59   2.39
  25.0   1.29   1.35   2.63   0.99   4.11  31.38   0.90   6.32   8.36   2.77   2.33   3.70   5.49   9.01  18.37   0.98
  26.0   5.81   3.27  10.24   2.13   1.13  36.90   0.36   9.98  12.14   3.96   0.88   0.33   2.24   1.99   4.27   4.36
  28.0   5.40  10.21   5.92   1.15   2.88  18.93   1.36   8.86  12.38   5.94   4.10   4.42   2.75   3.73   9.56   2.42
  27.0   5.97   5.03   5.45   1.18   2.32  27.28   0.57   8.81   8.99   0.92   4.41   3.68   3.57   6.21  12.50   3.12
  29.0   6.18   4.44   3.92   0.56   1.24  31.22   0.79  15.47   5.97   2.00   1.55   5.22   6.40   5.16   5.44   4.44
  30.0   6.07   3.49   3.78   0.70   0.71  34.23   0.34   4.17   5.39   1.47   5.25   8.30   3.29   5.79  12.57   4.47
  32.0   4.83   6.76  11.62   3.84   3.23  28.86   1.02   6.46   6.10   0.83   1.40   3.29   5.13  10.13   3.99   2.51
  33.0   3.66   6.96   9.30   1.48   1.69  33.08   0.81  17.76  17.78   1.05   1.51   0.45   0.25   1.69   1.31   1.22
  31.0   4.07   5.66  20.38   3.58   1.53  18.06   0.73  10.74  10.23   2.32   2.23   4.48   2.56   2.79   7.92   2.72
  35.0   2.10  12.54   9.90   0.89   1.11  36.43   1.32   5.36  12.89   0.81   1.06   1.71   1.74   3.88   6.19   2.07
  34.0  16.67   4.63   3.66   1.82   1.19  28.46   1.19   2.22   6.39   2.32   3.41  10.53   5.70   1.44   4.13   6.24
  36.0  10.24   1.21   2.63   3.88   7.04  23.20   1.45  16.29   6.05   1.98   3.57   2.51   1.23   4.05   9.62   5.04
  38.0   4.82   4.60   3.87   1.15   1.43  32.41   0.60  10.93   9.41   2.19   3.20   5.69   2.28   4.34   6.63   6.44
  37.0  13.03   6.35   9.42   2.07   1.06  30.14   1.47   1.65   5.98   2.69   1.52   5.09   3.88   4.49   4.90   6.25
  43.0   1.48   0.60   1.15   1.24   3.16  34.64   1.34   3.38  11.41   2.99   4.35   8.97   2.31  11.02   9.91   2.06
  42.0   4.27   3.24   6.24   0.81   3.85  20.33   3.06  15.37   7.37   4.74   6.36   8.97   5.70   2.78   4.41   2.52
  39.0   5.58   1.88   7.17   0.24   1.00  18.59   1.81   3.64  10.07   2.39   3.60   9.91   8.49   8.11  14.37   3.15
  40.0  11.29   0.94   3.99   1.43   1.22   5.49   0.90   9.32   4.61   3.70   5.24   7.79  16.56  15.70   6.23   5.59
  41.0   5.45   3.41   4.14   1.66   1.80  27.47   1.32   3.09   5.88   1.89   4.44  11.87   3.21  12.12  10.62   1.65
  45.0   8.94  19.70  15.55   1.19   0.59   7.89   1.14  12.34   4.75   0.85   1.94   3.54   2.84   4.99   7.10   6.63
  44.0   2.24   3.22   1.99   2.72   1.63  14.59   2.22  14.40  17.26   2.17   5.81   5.13   5.87   9.25   8.46   3.03
  46.0   6.71   3.47   4.29   2.03   3.35  22.88   3.03   7.20  15.32   3.75   2.53   3.48   8.70   7.33   4.05   1.89
  48.0   6.62  11.93  10.84   4.76   4.26  10.33   1.62   6.58  16.83   7.13   0.92   1.98   5.42   2.86   3.79   4.12
  49.0   6.47   3.83   2.79   3.25   3.27  11.12   1.14   5.03  13.31   9.09   8.45   7.52  12.82   4.99   1.56   5.37
  50.0  10.07  11.07  14.20   2.05   0.31  15.38   1.84  11.39   4.09   2.55   6.86   6.90   4.72   4.28   3.32   0.98
  56.0   7.17   6.10   6.30   2.77   7.37  13.29   2.94   3.03   4.33   1.94   2.76   1.42   4.52  25.36   5.42   5.28
  47.0   9.25   4.31   5.52   1.50   3.77  28.45   0.43   3.84   2.69   0.56   5.45   6.84   3.99   4.29  14.88   4.23
  52.0   6.41   2.84   5.93   5.00   0.75  36.11   0.87   2.02   2.06   0.97   1.29   4.11   8.07  11.66   8.71   3.19
  54.0  15.95   4.39   0.79   1.79   1.94  16.56   2.61   3.93   4.61   3.16   9.88   7.65   2.42   8.45   6.12   9.76
  51.0   4.34   5.28   2.01   1.29   7.42  35.01   2.43   7.78  11.45   4.62   0.77   0.85   2.08   4.84   7.81   2.04
  57.0   3.40   5.27   5.89   3.97   1.75  19.19   1.48   7.20   1.72   0.56   2.41   1.88   8.00  24.75  10.29   2.24
  59.0   5.76   6.54  17.43   6.19   1.85  22.39   2.18   8.33   4.31   1.31   1.73   1.73   0.66   5.31  10.40   3.88
  53.0  15.80  13.30  16.64   1.01   1.01   8.80   0.53   6.55   0.80   2.68   4.09   3.24   2.38   5.13  15.57   2.47
  55.0   8.54   6.12   9.00   6.84   0.84  33.21   0.32   2.05  11.07   1.92   4.11   1.10   2.66   3.16   6.91   2.14
  58.0   6.07   9.79   3.91   4.08   1.48  20.13   1.77  18.66   6.10   2.18   1.73   0.78   1.15   4.29  10.43   7.45
  60.0   7.78   3.26   4.08   6.36   3.09  24.17   1.00   3.15   0.83   5.57   3.09   4.04   4.73   7.17  12.34   9.36
  61.0   7.18   4.62   1.92   2.93   2.47  47.19   1.01   2.78   1.93   2.01   1.10   0.43   1.96   7.56  13.10   1.80
  65.0   4.76   1.69   2.19   0.92   1.85  63.32   0.89   2.98   3.88   2.18   0.85   0.98   1.95   6.63   1.75   3.17
  67.0   6.19  16.45   8.16   5.94   1.87  18.47   1.85   4.48   2.45   5.16   1.62   0.41   0.27  11.53  10.89   4.26
  63.0   9.19   7.09   3.72   1.83   0.76  14.28   1.15   6.62   5.18   7.29   5.29   1.25   1.24   2.98   5.76  26.38
  62.0   6.39   7.63   8.96  10.09   0.66  21.97   0.56   3.17   3.40   3.32   1.02   0.35   2.12   6.23  20.70   3.44
  66.0   5.37   2.03   3.84   7.26   3.45   8.96   7.66  25.24   9.12   6.83   3.53   1.57   0.99   2.04   3.65   8.48
  64.0   2.63  13.47   8.68   5.53   1.85  38.33   1.15   4.68   2.47   2.64   2.26   1.07   2.16   7.03   3.83   2.20
  70.0   7.26   9.67   5.03   1.48   0.85  27.65   2.79   3.92   1.41   2.30   0.48   0.21   1.27   4.85  25.24   5.60
  71.0  10.79   7.44   5.37   2.14   4.25  18.13   1.14  12.70   4.63   4.34   3.86   1.33   0.70   1.31  17.56   4.31
  73.0  10.01   4.45   6.22   0.89   0.30  12.32   0.72   1.36   3.71   3.61  11.31   9.54  10.54  14.44   6.02   4.57
  68.0   4.74   1.08   1.23   2.06   4.48  42.00   7.20  10.21   3.91   1.69   2.66   0.23   0.88   3.65   9.81   4.17
  69.0   6.75   8.69   1.65   1.86   2.79  30.74   5.88   3.11   7.13   8.22  10.45   1.53   0.66   2.33   4.14   4.08
  75.0  21.12   6.00   6.76   1.63   0.99  18.75   1.53   5.22   2.78   2.66   8.53   2.17   2.14   4.32   6.33   9.07
  72.0   8.31  16.11   5.54   1.97   2.77  24.17   1.74   7.19   7.88   6.43   6.57   1.77   1.37   1.17   3.38   3.61
  82.0   3.85   1.60   2.34   1.22   1.30   6.22   1.44  22.90  29.52   4.26   6.33   6.73   1.22   2.05   4.17   4.84
  79.0  17.46   4.36   4.55   0.95   2.24  21.53   0.97   3.53   2.51   4.15   3.11   0.96   5.96   7.54  10.03  10.14
  76.0   3.56   3.27   7.65   7.04  10.99  34.49   1.65  10.83   3.53   1.89   1.33   0.38   2.28   2.21   7.09   1.82
  78.0   2.36   0.80   1.61   1.89   2.17  37.52   3.39  11.02   3.50   1.73   2.37   2.53  13.43   4.65   6.11   4.91
  77.0   4.23   2.06   2.55   2.14   0.81  52.69   2.50   2.30   1.75   2.76   2.47   2.73   5.68   7.00   2.46   5.88
  85.0   9.20   9.51   6.66   4.68   2.59  15.95   2.33   8.32  11.63   4.77   6.03   3.15   0.54   0.64   1.86  12.14
  74.0   7.37   4.74   4.17   1.49   0.35  13.12   1.47   8.83   9.78   3.17   9.65   8.85  10.75   8.27   2.10   5.86
  81.0   8.24   1.84   1.64   2.07   1.42  15.57   0.77   7.35   2.81  15.80   3.11   3.88  13.96   5.59   3.96  12.00
  84.0   5.69   2.62   2.26   0.93   0.97  24.19   3.03   2.74   1.53   1.83   2.05   1.54   6.93  14.39  13.62  15.67
  87.0  10.97   3.60   5.27   1.25   1.94  17.91   0.73  13.27  13.99   9.08   2.35   0.73   0.92   1.49   5.32  11.18
  80.0   3.85   2.97   1.58   2.33   9.12  30.29   4.03  15.06   1.49   1.26   1.46   1.86   5.49   5.61   4.73   8.86
  83.0  11.25   2.49   5.31   0.89   3.55  22.56   2.83  18.33   0.81   4.17   0.58   0.71   4.60   8.40   9.87   3.66
  91.0  21.86   9.98   7.38   1.08   2.56   9.15   0.49   1.43   2.32   6.03   4.09   1.51   0.36   1.62   4.81  25.33
  90.0   6.90   2.65   1.87   2.61   5.62  36.54   3.56  12.05   7.03   2.87   2.18   3.53   5.00   1.93   2.72   2.92
  93.0   7.98   8.81   9.00   4.05  13.28  17.28   1.99  10.10   2.68   3.09   3.39   6.35   1.63   1.44   4.49   4.46
  88.0   5.03  13.79  16.26   2.06   5.81   7.10   4.09   4.65   6.07   1.42   1.91   0.79   4.22   8.93   8.13   9.71
  86.0  10.09   5.83   4.77   1.70   5.16  24.13   1.10   3.64   3.56   5.19   2.61   2.87   8.71   3.68  11.18   5.77
  89.0   5.80   5.88   7.12   2.79   4.53  24.57   2.09   6.97   3.10   4.36   1.91   1.16   5.60   5.42  12.24   6.47
  94.0   8.28   4.03   1.53   0.58   0.69  13.06   0.41   2.20   2.37   4.82  11.73   3.17   4.74  11.48   9.21  21.69
 102.0   6.95   6.12   3.59   2.14   3.50  18.01   0.95   1.91   0.61   1.93   4.75   1.40   5.51  11.18  24.80   6.63
 106.0   6.01  14.98   6.99   5.38   2.02  31.98   4.30   1.44   1.33   2.43   5.67   1.65   1.34   0.98   5.87   7.62
  92.0   5.69   5.85   8.43   6.26   3.18  14.59   1.91   7.22   7.42   6.93   4.25   6.14   1.20   4.48  10.20   6.25
 107.0   2.69   3.04   1.72   4.23   9.24  41.63   4.49   6.61   5.53   9.29   1.70   0.95   0.54   4.01   1.47   2.87
 109.0   3.21   3.95   3.63   3.55   6.69  33.62   6.88   1.78   2.07   2.38  15.29   3.68   1.18   1.86   2.39   7.85
 112.0  15.43   6.09   1.21   1.07   1.17   6.71   1.26   2.52   3.58   9.20   5.56   2.14   1.15   4.55  25.60  12.76
 113.0   2.46  24.69  21.80   6.60   1.31  15.93   1.72   6.04   4.45   4.54   1.20   0.95   0.30   1.59   5.57   0.83
 118.0   8.49   2.11   0.49   7.99   3.08  10.55   1.21   2.22   3.80   6.25   9.34   3.50   1.34  12.91   6.38  20.34
 111.0   3.59   3.57   2.40   2.95   2.52  22.64   3.39   3.03   5.64  16.15  11.78   2.05   1.30   3.21   3.26  12.53
 105.0   7.62   4.32   3.18   2.84   1.26  23.63   4.71   1.84   2.89  12.35   9.41   2.73   4.48  10.43   3.72   4.59
 115.0   3.57   0.78   0.48   7.13   3.40  11.16   6.96   3.75   7.17   8.88   7.20   6.46   4.68  18.57   2.65   7.17
  96.0  17.67  10.46  10.64   6.71   1.57   8.08   2.14   3.44   4.85   7.65   6.78   0.78   3.02   1.73   3.61  10.87
 101.0   8.35  15.50   6.82   3.41   1.24  21.08   4.95   1.66   1.19   3.30   3.67   9.28   1.95   5.40   4.36   7.83
